128 3003.21 3003.14 3003.18 3002.42 3003.23 3003.19 3003.17 3003.14 3003.18 3003.20
192 3003.19 3003.18 3003.18 3003.18 3003.18 3003.22 3003.14 3003.18 3003.13 3003.13
256 3003.17 3003.13 3003.18 3001.07 3003.14 3003.18 3002.19 3003.20 3003.14 3003.19
320 3003.20 3003.14 3003.21 3003.17 3003.20 3003.20 3003.21 3003.15 3003.18 3003.22
384 3003.18 3003.13 3003.19 3000.53 3003.18 3003.20 3001.31 3001.61 3003.16 3003.25
448 3003.18 3003.18 3003.15 3003.17 3003.16 3003.19 3003.18 3003.16 3003.17 3003.14
512 2546.89 2604.54 2581.70 2575.64 2586.25 2574.85 2588.19 2602.24 2595.27 2583.55
576 2208.74 2299.35 2326.49 2292.94 2288.95 2307.64 2296.61 2294.43 2298.61 2303.08
640 2029.69 2055.00 2069.99 2066.14 2063.33 2052.08 2061.25 2062.74 2054.64 2067.95
704 1782.84 1861.22 1852.62 1867.01 1846.12 1860.67 1839.36 1860.94 1865.26 1855.73
768 1669.29 1714.49 1707.13 1703.58 1706.08 1720.04 1716.88 1685.82 1695.57 1723.11
832 1561.29 1571.17 1579.68 1576.76 1579.06 1570.63 1568.33 1571.39 1578.27 1570.38
896 1457.38 1461.41 1471.79 1466.02 1465.02 1466.85 1469.06 1452.99 1465.93 1454.21
960 1330.25 1374.28 1372.62 1356.30 1372.50 1373.13 1373.75 1373.46 1367.57 1365.08
1024 1258.92 1277.62 1273.65 1288.67 1270.85 1282.75 1272.36 1273.37 1278.45 1284.01
1088 1175.76 1208.33 1223.07 1202.04 1208.90 1207.04 1217.48 1207.40 1194.81 1204.56
1152 1125.47 1136.87 1130.85 1139.41 1135.60 1144.37 1148.38 1142.95 1134.11 1134.06
1216 1040.64 1083.95 1077.44 1087.46 1084.30 1087.09 1069.37 1090.08 1073.61 1071.22
1280 1007.19 1026.85 1022.84 1018.70 1030.90 1019.34 1026.83 1029.34 1020.31 1016.74
1344 1126.23 930.68 977.89 975.81 976.97 970.75 981.97 975.65 972.17 984.44
1408 919.77 930.11 938.54 934.95 929.69 933.79 926.01 929.85 923.98 930.87
1472 869.86 885.16 893.67 893.43 883.81 888.77 886.44 884.91 892.98 887.85
1536 829.57 978.29 848.42 848.51 856.64 849.59 860.21 855.45 851.11 857.77
1600 781.80 823.94 820.45 818.43 834.59 823.22 814.30 827.38 814.09 839.50
1664 772.72 786.37 785.39 789.89 791.21 789.75 827.39 793.95 788.39 784.78
1728 755.29 774.65 783.03 776.28 776.13 776.64 779.65 777.71 780.76 776.99
1792 786.23 752.98 756.78 757.17 748.81 751.76 760.91 753.31 753.03 751.83
1856 685.86 707.14 707.44 707.78 707.35 707.43 707.61 707.47 715.03 707.61
1920 700.25 704.35 707.01 707.12 702.96 703.24 703.43 703.46 703.42 703.14
1984 685.64 703.54 707.60 703.42 703.28 703.02 703.67 706.34 705.02 703.46
2048 697.81 704.14 703.67 703.24 703.24 703.01 703.23 703.37 703.32 703.30
2112 681.11 704.32 703.39 703.50 703.45 703.57 703.61 703.44 707.43 711.95
2176 685.89 704.54 703.78 703.45 703.25 703.04 703.33 703.55 703.05 703.39
2240 670.63 704.39 703.35 703.65 703.34 703.32 703.01 703.22 703.40 703.54
2304 686.08 703.22 703.73 703.46 703.26 703.51 703.29 703.65 703.14 703.51
2368 670.28 703.28 703.70 703.80 703.41 703.18 703.33 703.06 703.03 707.09
2432 670.24 704.12 702.95 703.37 702.85 703.04 703.03 703.21 703.12 702.84
2496 686.12 704.10 703.81 703.34 703.27 703.21 703.50 703.55 703.45 703.74
2560 673.01 703.82 703.08 703.06 707.30 703.05 703.13 703.00 702.79 702.93
2624 668.88 703.76 702.96 711.62 703.32 703.54 703.33 703.64 703.35 703.30
2688 686.24 704.05 703.50 703.23 703.31 703.26 703.91 703.42 703.48 703.33
2752 689.52 704.25 703.20 703.92 703.16 703.44 703.15 703.42 703.74 703.27
2816 688.83 703.94 707.32 703.89 702.94 703.30 703.60 703.68 703.01 703.40
2880 669.96 703.84 702.92 703.27 703.57 703.15 703.70 702.92 707.84 703.88
2944 693.03 704.18 703.62 703.02 703.04 703.25 703.32 703.09 702.96 703.18
3008 684.99 707.87 703.52 703.27 703.25 703.32 703.22 703.59 706.60 703.38
