128 9968.71 10450.78 10406.58 10290.35 10386.83 10383.24 10350.23 10304.72 10382.65 10357.81
192 6612.37 6952.83 6912.87 6908.60 6907.88 6943.13 6937.32 6917.12 6867.31 6877.86
256 5136.88 5157.53 5199.04 5204.83 5189.74 5168.43 5241.89 5245.30 5204.88 5211.29
320 4056.95 4104.69 4166.31 4128.16 4168.21 4161.46 4133.44 4154.33 4163.19 4090.72
384 3399.32 3443.94 3395.39 3408.73 3430.06 3457.29 3464.00 3482.86 3473.77 3481.58
448 2919.30 2926.29 2965.23 2959.58 2964.94 2966.65 2936.72 2937.58 2959.45 2951.21
512 2555.32 2576.90 2556.42 2561.22 2579.75 2593.35 2578.03 2572.61 2574.44 2604.81
576 2235.55 2282.19 2262.51 2283.55 2254.56 2289.76 2297.49 2303.29 2268.48 2306.06
640 2038.80 2062.20 2062.07 2052.56 2066.85 2047.85 2063.15 2057.08 2057.14 2063.90
704 1855.80 1835.92 1853.18 1866.32 1877.50 1851.28 1870.24 1877.49 1867.54 1858.01
768 1651.87 1707.83 1701.76 1727.36 1694.27 1719.54 1719.14 1719.22 1708.01 1703.69
832 1551.07 1580.52 1562.51 1567.31 1566.29 1566.90 1566.72 1564.39 1558.56 1570.26
896 1452.90 1472.21 1463.18 1451.44 1462.62 1461.78 1460.82 1441.22 1467.36 1459.46
960 1341.15 1357.89 1376.12 1364.67 1358.64 1363.21 1366.43 1354.43 1364.75 1363.83
1024 1262.19 1273.28 1263.84 1269.16 1281.67 1286.54 1283.67 1273.38 1285.08 1273.07
1088 1409.83 1135.04 1186.68 1187.42 1198.10 1190.84 1194.34 1198.99 1189.72 1204.52
1152 1121.77 1128.96 1125.60 1133.71 1131.68 1138.95 1138.98 1130.05 1137.22 1131.11
1216 1022.02 1077.47 1076.09 1077.01 1070.91 1082.16 1071.03 1070.91 1072.67 1071.99
1280 1004.26 1035.57 1019.23 1025.20 1015.84 1018.63 1016.06 1015.61 1017.91 1024.76
1344 963.61 966.35 967.93 976.95 985.80 981.41 969.23 973.52 974.79 965.25
1408 879.16 930.52 933.69 922.86 924.10 923.91 929.27 936.15 927.98 931.42
1472 845.85 887.24 882.83 891.94 882.34 881.99 879.04 885.76 886.12 886.21
1536 836.98 863.26 857.37 848.67 854.91 867.55 848.19 850.96 854.94 849.85
1600 779.51 815.93 815.75 817.04 814.63 817.42 817.74 812.86 817.74 828.89
1664 754.49 795.99 788.55 788.31 783.89 787.74 792.33 784.18 783.36 784.93
1728 732.68 780.18 778.97 775.55 779.11 778.34 781.82 781.17 784.21 784.42
1792 738.24 752.43 751.71 751.30 750.82 751.27 754.57 750.32 749.87 751.01
1856 676.54 702.11 705.81 705.70 709.60 705.50 705.60 710.95 705.59 705.41
1920 684.70 703.16 701.60 701.59 701.96 702.09 701.84 702.02 701.49 702.00
1984 692.28 702.00 830.08 701.78 701.65 701.83 701.57 701.60 701.47 701.50
2048 683.92 702.60 701.55 701.65 701.26 705.49 701.62 701.30 701.58 702.09
2112 779.16 783.99 788.28 784.23 783.98 783.95 784.07 784.03 783.93 784.12
2176 774.65 784.26 784.07 783.77 783.52 783.62 783.60 783.72 784.10 785.65
2240 784.25 684.06 702.17 701.39 701.19 701.48 701.47 701.60 701.70 701.49
2304 683.94 702.68 701.78 701.60 701.32 705.39 701.25 701.37 701.55 701.34
2368 774.96 783.94 783.97 784.41 784.17 783.99 784.19 784.09 783.96 784.06
2432 696.10 701.41 701.41 713.78 701.74 701.57 702.11 701.45 704.65 702.12
2496 786.83 784.20 784.37 784.17 784.17 784.24 784.15 784.22 784.55 784.81
2560 681.04 702.40 701.30 701.78 705.31 701.25 701.38 701.75 701.62 705.99
2624 774.91 783.93 784.30 783.97 784.13 784.07 784.57 784.13 783.92 784.05
2688 775.10 784.18 784.44 784.94 784.08 783.89 787.95 784.15 784.36 783.94
2752 683.71 701.84 701.29 702.38 701.32 701.45 703.37 701.66 701.47 701.53
2816 777.82 783.95 784.31 784.04 784.02 784.06 784.46 784.54 784.06 784.23
2880 683.84 701.53 701.48 701.89 701.91 712.24 701.46 701.59 701.75 701.39
2944 672.89 702.96 701.68 702.14 701.87 701.37 701.45 701.85 701.68 701.71
3008 774.73 784.65 784.18 784.26 784.12 784.09 784.13 784.24 784.42 784.14
