128 9985.90 10250.06 10228.43 10218.19 10233.63 10231.67 10251.65 10305.48 10258.64 10234.29
192 6677.61 6824.36 6790.58 6788.26 6851.00 6831.26 6771.93 6811.09 6849.73 6851.90
256 5031.46 5065.36 5124.38 5079.02 5083.95 5121.23 5087.42 5108.44 5085.57 5114.45
320 4019.72 4093.36 4068.35 4061.00 4059.25 4062.84 4062.90 4066.08 4049.41 4058.03
384 3312.27 3390.86 3395.28 3385.29 3904.63 3398.52 3396.17 3378.39 3379.86 3396.22
448 2858.35 2871.39 2921.44 2920.21 2921.10 2891.44 2907.14 2895.94 2900.66 2866.11
512 2491.03 2553.74 2530.20 2536.05 2511.18 2560.22 2553.80 2542.95 2511.68 2544.71
576 2279.17 2275.66 2262.08 2275.13 2263.12 2274.91 2270.84 2267.64 2271.44 2270.40
640 2029.75 2029.37 2021.50 2037.58 2033.99 2045.46 2029.61 2045.26 2034.26 2045.73
704 1841.24 1853.81 1849.18 1849.58 1853.49 1849.60 1862.39 1854.02 1857.70 1849.59
768 1703.42 1697.92 1705.92 1704.91 1697.36 1712.09 1718.14 1694.36 1710.30 1710.43
832 1576.80 1566.06 1556.90 1556.96 1568.85 1560.70 1560.78 1567.83 1569.25 1561.75
896 1484.06 1452.93 1445.34 1465.05 1454.94 1457.27 1449.14 1465.09 1454.00 1460.84
960 1348.15 1361.43 1356.79 1370.93 1364.97 1359.55 1364.92 1364.81 1371.35 1354.66
1024 1258.83 1268.76 1261.05 1288.81 1261.04 1268.78 1276.79 1280.89 1272.83 1276.87
1088 1195.79 1201.17 1200.57 1196.71 1192.67 1204.76 1201.43 1196.78 1192.83 1204.68
1152 1127.66 1132.84 1136.98 1124.68 1128.74 1124.90 1129.01 1128.92 1128.76 1124.80
1216 1064.99 1076.61 1072.64 1072.80 1072.83 1080.86 1076.76 1072.94 1065.02 1073.85
1280 1012.69 1021.37 1029.09 1021.07 1021.14 1028.87 1016.86 1021.47 1021.63 1037.01
1344 969.79 971.04 977.72 983.08 972.81 980.53 968.66 984.68 968.74 984.54
1408 919.34 933.46 928.91 928.74 932.39 928.53 932.82 928.70 928.55 926.20
1472 879.85 901.15 888.65 896.41 888.55 888.39 892.73 888.42 888.55 888.42
1536 866.94 872.77 868.58 868.46 868.17 868.51 884.57 864.49 868.33 868.50
1600 831.52 836.56 836.48 836.42 844.41 840.71 836.66 840.74 829.14 840.54
1664 787.66 806.69 796.51 792.00 800.07 818.43 784.30 796.49 803.92 796.43
1728 782.87 784.41 784.69 784.10 783.95 783.92 783.99 784.12 788.04 784.11
1792 775.11 784.33 783.89 783.99 784.17 783.95 783.89 784.09 784.30 784.08
1856 775.63 784.30 784.35 784.22 784.01 787.01 784.09 784.25 784.10 784.49
1920 774.97 784.36 784.57 784.09 784.65 788.11 784.22 792.05 784.17 788.44
1984 774.83 784.29 784.22 784.04 784.17 783.94 783.99 783.88 783.84 784.14
2048 779.79 784.35 784.14 784.02 783.87 783.85 783.90 792.56 784.12 784.39
2112 779.19 784.25 784.80 784.26 783.97 784.15 784.44 785.12 784.05 784.72
2176 775.04 784.44 784.78 784.03 784.21 784.07 784.11 784.22 784.25 784.50
2240 774.71 788.30 784.44 784.05 783.89 783.85 784.02 784.36 784.03 784.32
2304 774.76 784.27 785.04 784.05 788.09 784.11 783.95 784.07 783.93 784.14
2368 775.41 784.15 783.98 783.95 783.98 787.41 784.40 800.33 784.41 788.50
2432 774.75 784.20 784.02 783.88 784.10 784.03 784.35 784.06 788.58 784.05
2496 775.70 784.21 784.06 784.14 783.98 784.05 784.51 784.30 784.28 784.44
2560 778.91 784.01 784.49 783.91 784.10 783.83 784.40 783.98 783.90 784.26
2624 774.42 783.94 784.43 784.04 783.80 786.93 784.19 784.23 784.39 784.48
2688 776.06 783.82 784.50 788.47 784.24 784.11 784.24 784.42 784.14 785.00
2752 775.23 784.26 796.34 784.29 783.92 784.33 784.13 784.81 784.72 784.28
2816 776.23 828.64 784.59 784.95 784.18 784.13 784.44 784.05 784.51 784.34
2880 824.67 776.09 784.31 784.59 784.42 784.46 784.72 784.47 784.37 784.38
2944 774.76 784.84 783.88 784.16 783.88 783.86 783.90 784.21 784.16 788.43
3008 775.16 784.80 784.22 784.56 784.11 784.38 784.22 784.27 784.46 784.47
