128 9694.97 10208.60 10181.36 10261.13 10269.11 10207.08 10218.62 10191.63 10244.51 10269.86
192 6722.55 6837.50 6869.85 6849.68 6872.30 6884.97 6855.36 6870.38 6875.39 6858.02
256 5017.37 5090.37 5109.93 5102.21 5131.85 5133.61 5108.51 5137.49 5134.37 5128.99
320 4494.92 4020.11 4126.61 4137.36 4124.10 4084.81 4093.47 4085.15 4086.10 4066.61
384 3364.71 3409.63 3395.70 3396.11 3403.81 3388.70 3397.12 3375.49 3371.97 3402.23
448 2823.19 2925.54 2911.54 2892.10 2922.07 2914.76 2917.42 2912.61 2922.93 2914.24
512 2427.03 2527.71 2545.21 2551.09 2542.47 2544.04 2558.18 2556.38 2546.09 2535.34
576 2220.50 2251.75 2255.20 2263.12 2267.56 2258.65 2247.94 2252.14 2250.71 2275.24
640 1955.92 2031.64 2033.07 2026.13 2032.57 2034.44 2014.97 2024.81 2041.04 2046.61
704 1783.25 1853.63 1855.75 1834.88 1840.36 1840.01 1857.66 1833.12 1846.56 1849.93
768 1610.08 1685.93 1697.27 1697.44 1704.31 1703.98 1693.00 1689.69 1687.95 1691.45
832 1540.99 1558.10 1556.84 1571.60 1561.74 1575.67 1568.09 1578.24 1570.36 1561.78
896 1437.77 1458.13 1447.32 1445.83 1462.43 1456.36 1456.23 1449.07 1451.87 1453.67
960 1316.45 1353.39 1356.69 1357.53 1368.64 1360.40 1364.54 1358.19 1348.39 1339.69
1024 1257.29 1272.20 1275.10 1270.72 1268.61 1264.29 1268.66 1275.47 1265.12 1266.96
1088 1172.07 1201.56 1193.95 1205.69 1199.66 1191.76 1195.38 1187.10 1188.99 1191.57
1152 1089.18 1125.43 1128.39 1128.21 1131.64 1133.19 1134.00 1130.01 1127.60 1127.16
1216 1026.91 1067.43 1063.30 1075.20 1070.19 1073.44 1063.54 1063.52 1064.05 1068.40
1280 946.11 1010.89 1009.55 1002.85 1009.44 1013.83 1009.97 1013.45 1010.81 1012.54
1344 939.02 967.37 972.49 969.56 969.03 968.68 966.60 971.13 968.74 971.24
1408 873.88 923.87 919.82 919.55 920.99 919.40 920.52 926.94 925.75 917.59
1472 868.44 927.70 926.90 919.02 943.67 918.76 918.96 922.63 926.46 926.43
1536 830.02 873.68 874.02 869.73 870.50 874.79 878.62 878.98 874.35 878.91
1600 811.73 834.76 834.64 834.53 833.82 835.06 834.39 834.32 842.64 838.14
1664 825.54 834.66 834.05 833.98 834.24 833.93 833.88 834.25 834.57 834.00
1728 817.62 834.11 834.04 836.85 834.09 840.46 834.33 834.48 834.13 835.94
1792 815.89 843.02 834.19 834.22 834.40 834.50 833.56 833.71 833.75 833.34
1856 816.68 834.03 834.34 833.42 833.86 833.71 833.70 834.23 833.39 833.63
1920 801.00 834.23 834.12 833.85 842.23 837.51 834.16 834.35 833.96 834.43
1984 816.66 834.02 833.84 838.20 834.14 833.65 837.50 835.18 837.26 834.43
2048 810.33 833.84 838.25 841.23 839.05 839.89 837.73 844.10 836.17 839.79
2112 798.45 834.71 834.18 835.62 836.67 836.24 835.70 838.63 836.08 837.10
2176 795.20 837.03 835.31 837.87 837.75 835.00 834.61 835.65 835.18 833.58
2240 812.85 835.12 834.14 833.63 836.92 833.72 835.24 835.58 834.95 835.19
2304 819.82 833.46 835.31 834.68 834.99 839.01 838.64 833.93 834.35 834.09
2368 815.81 835.32 833.77 840.19 836.11 839.58 836.50 840.91 833.40 833.55
2432 814.42 835.90 836.61 846.80 835.27 836.47 837.62 835.12 836.07 835.07
2496 815.71 836.70 838.51 837.70 836.79 835.53 834.01 837.11 837.46 838.27
2560 797.67 834.36 839.22 839.17 837.80 838.13 838.75 836.10 838.03 837.83
2624 817.72 838.71 835.65 854.33 834.80 834.65 834.96 835.63 838.57 836.16
2688 826.00 838.44 837.54 840.55 841.57 837.69 836.61 835.38 839.00 839.14
2752 815.09 836.42 836.71 836.23 840.13 837.02 840.57 836.92 834.04 835.07
2816 813.41 833.75 836.54 837.85 839.36 839.94 839.57 837.50 834.37 834.16
2880 819.41 839.17 837.46 834.26 834.93 836.65 845.42 838.96 839.75 839.10
2944 815.36 835.43 833.78 835.99 834.26 837.72 837.58 837.05 839.01 839.27
3008 795.97 838.13 842.14 837.60 835.88 835.33 835.03 834.70 836.42 835.65
