128 3003.24 3003.20 3003.23 3003.26 3001.01 3003.23 3003.28 3003.22 3003.25 3003.16
192 3001.94 3001.23 3003.22 3003.50 3003.27 3000.17 3003.23 3003.25 3003.25 3003.28
256 3003.25 3001.36 3000.61 3003.24 3003.20 3003.24 3001.41 3003.23 3003.24 3001.83
320 3003.23 3001.90 3003.30 3000.47 3003.20 3003.25 3002.55 3003.23 3003.23 3003.26
384 3003.21 3003.24 3003.23 3003.23 3003.62 3003.21 3003.25 3003.22 3003.09 3003.19
448 3002.77 3003.24 3003.20 3001.30 3003.31 3003.24 3003.24 3003.23 3002.32 3002.58
512 2488.04 2527.81 2533.13 2539.94 2533.58 2550.69 2534.42 2528.96 2537.10 2533.65
576 2151.91 2081.46 2133.13 2101.51 2113.16 2129.42 2121.90 2183.29 2162.14 2172.09
640 1967.00 1942.61 1954.26 1954.95 1932.58 1980.85 1911.84 1904.89 1985.90 1935.76
704 1729.84 1766.24 1747.60 1718.22 1713.38 1716.46 1753.28 1724.59 1755.86 1801.63
768 1663.62 1640.15 1630.78 1660.91 1656.17 1649.24 1666.00 1669.15 1632.41 1604.19
832 1473.16 1463.42 1433.35 1430.70 1434.24 1427.63 1430.15 1439.21 1486.80 1436.36
896 1385.51 1333.62 1321.59 1329.64 1347.46 1377.54 1399.38 1402.01 1370.15 1373.46
960 1273.86 1289.71 1307.67 1236.38 1244.08 1273.98 1255.69 1247.88 1288.14 1266.61
1024 1225.75 1178.87 1221.97 1190.23 1174.49 1162.81 1201.25 1168.58 1186.34 1199.19
1088 1109.05 1116.92 1187.28 1094.01 1113.33 1107.25 1173.52 1104.05 1104.14 1103.95
1152 1026.12 1067.47 1069.40 1060.80 1044.20 1035.36 1028.60 1028.03 1032.37 1040.92
1216 996.95 991.56 1015.83 1010.36 1023.01 996.80 993.06 976.31 1017.99 994.21
1280 946.36 961.97 952.90 933.58 930.57 934.25 951.09 942.42 953.97 945.66
1344 1050.91 952.64 893.02 931.97 913.22 912.41 894.13 883.66 948.53 909.53
1408 846.55 868.89 860.66 867.65 860.10 882.31 892.07 886.79 885.33 881.67
1472 825.96 869.77 870.11 927.29 859.60 855.90 813.88 862.88 879.09 877.66
1536 831.14 819.91 876.33 833.08 826.21 817.77 846.48 854.49 828.39 831.78
1600 827.92 790.72 833.52 782.77 793.93 783.65 766.74 837.88 792.47 781.72
1664 821.62 776.52 777.92 787.71 792.30 812.20 797.87 789.39 796.91 781.82
1728 820.66 799.53 772.20 787.06 778.52 797.13 785.67 776.60 785.12 802.24
1792 766.58 777.00 787.87 793.56 779.73 775.49 768.23 782.40 790.42 768.23
1856 796.53 807.56 768.55 776.25 760.40 790.05 786.28 782.61 783.70 779.21
1920 776.21 811.32 814.14 816.23 800.02 775.29 818.76 792.41 797.59 780.33
1984 809.57 773.36 770.08 776.21 772.99 810.71 767.65 773.80 771.72 781.48
2048 775.31 781.66 770.39 772.17 769.76 779.56 797.16 770.67 765.62 765.72
2112 794.17 815.44 765.49 792.74 794.31 780.61 771.95 774.34 809.49 794.60
2176 786.93 805.27 780.89 768.43 770.18 772.12 836.26 779.09 776.21 786.43
2240 792.35 807.01 776.92 771.91 834.94 775.39 764.28 790.68 767.65 822.59
2304 750.72 773.16 824.66 766.09 767.86 774.62 799.53 811.87 778.74 785.07
2368 804.09 798.09 777.15 791.73 795.16 809.82 788.74 785.26 776.38 810.08
2432 682.37 701.88 702.05 701.80 701.87 701.71 704.16 702.04 702.13 701.97
2496 812.41 778.52 782.51 833.05 773.87 775.58 773.33 778.98 792.19 779.11
2560 683.97 702.18 702.86 702.50 702.31 706.30 702.36 702.54 702.50 702.23
2624 773.87 791.79 836.28 782.18 771.69 774.88 783.82 838.25 787.78 805.46
2688 669.41 702.85 705.17 702.37 702.67 702.29 701.94 702.22 702.31 702.27
2752 763.98 790.21 784.46 776.78 776.37 786.31 790.36 792.45 784.16 787.43
2816 765.64 669.08 702.86 702.28 702.53 702.18 701.95 702.17 702.48 702.07
2880 765.03 771.03 770.75 782.03 765.16 794.00 788.62 804.46 798.12 783.97
2944 684.87 703.15 702.13 702.68 702.35 702.59 702.47 702.27 702.65 702.49
3008 760.23 777.98 781.90 768.49 770.04 788.99 795.47 791.23 776.54 784.17
