128 10224.49 10342.62 10224.79 10169.41 10227.46 10073.12 9970.73 10054.06 10041.94 9969.30
192 6574.20 6650.98 6731.70 6661.93 6495.59 6610.98 6573.65 6576.46 6626.79 6514.52
256 4930.26 5153.19 5106.08 5098.64 5067.08 5086.63 5047.50 5051.18 5057.94 5069.93
320 3997.29 3922.26 4026.62 3994.35 4032.57 4065.05 3970.44 4020.63 3979.59 3859.40
384 3244.54 3277.77 3187.25 3216.29 3181.00 3199.86 3226.70 3241.21 3264.81 3221.15
448 2752.33 2720.65 2736.98 2722.11 2785.30 2755.88 2757.50 2765.83 2767.55 2774.76
512 2462.29 2417.66 2411.52 2431.10 2426.87 2412.57 2417.14 2423.43 2485.86 2416.06
576 2155.19 2197.15 2197.08 2180.44 2160.17 2143.26 2167.38 2143.19 2143.32 2141.10
640 1986.05 1964.83 2007.55 1967.87 1985.35 2042.72 2031.15 2028.99 1995.04 2014.70
704 1826.44 1840.34 1834.76 1832.96 1834.16 1846.02 1833.96 1823.77 1829.93 1847.92
768 1621.02 1641.65 1630.81 1672.41 1685.70 1671.80 1673.38 1692.00 1685.00 1678.14
832 1552.45 1537.16 1562.37 1528.45 1547.40 1553.36 1561.89 1547.07 1559.92 1554.86
896 1426.66 1435.07 1441.04 1457.19 1439.31 1402.54 1433.18 1437.39 1435.07 1435.40
960 1310.12 1329.54 1289.01 1322.84 1336.69 1305.80 1305.25 1355.20 1304.13 1305.28
1024 1266.23 1260.78 1277.56 1272.51 1270.63 1272.36 1261.86 1269.05 1262.84 1274.85
1088 1182.79 1195.72 1269.29 1186.15 1187.47 1157.68 1166.32 1194.35 1159.49 1148.71
1152 1082.37 1103.71 1086.35 1065.10 1080.17 1067.24 1077.86 1090.80 1112.91 1106.10
1216 1031.41 1023.34 1027.99 1025.45 1029.64 1012.17 1034.29 1030.19 1028.06 1020.50
1280 974.71 983.31 968.26 980.33 988.10 999.16 979.66 976.04 989.93 994.80
1344 942.51 944.71 925.18 939.09 938.27 938.53 936.79 935.61 940.92 931.02
1408 889.94 888.62 883.38 886.51 894.82 889.66 891.66 889.17 890.86 894.96
1472 852.84 895.15 892.89 901.40 903.38 898.78 885.63 883.97 909.18 905.20
1536 842.89 859.29 865.23 862.95 868.08 849.31 865.93 853.15 861.33 853.83
1600 797.34 808.06 803.81 810.88 801.98 795.13 812.22 808.93 800.14 804.14
1664 807.99 796.88 801.92 804.06 801.08 809.98 833.92 838.37 843.99 843.66
1728 823.24 805.94 810.38 827.03 812.77 825.42 814.71 827.42 800.19 803.07
1792 838.28 797.23 800.05 805.15 806.44 805.35 807.76 807.68 818.32 825.59
1856 842.73 815.01 806.81 808.95 803.23 803.78 807.86 821.85 814.18 790.19
1920 804.59 819.29 825.97 818.57 800.61 823.82 811.43 814.86 816.60 816.69
1984 809.95 827.51 848.84 822.45 811.33 825.29 814.37 791.86 832.09 824.77
2048 833.95 847.95 825.55 818.64 811.71 823.56 834.26 844.35 829.52 812.53
2112 838.48 843.20 847.67 840.45 841.61 828.07 806.30 830.62 840.10 843.67
2176 799.00 801.24 817.84 824.51 810.58 817.27 820.44 807.32 822.43 826.03
2240 796.28 818.60 821.82 818.83 824.60 811.34 816.24 827.76 808.42 810.89
2304 812.41 827.63 813.89 818.67 814.59 821.00 829.27 821.01 818.06 806.48
2368 817.97 825.50 808.26 814.91 822.76 835.22 814.95 821.97 823.63 818.23
2432 839.93 833.26 809.41 820.87 808.03 789.43 806.72 788.12 807.14 835.39
2496 792.77 799.69 806.81 816.17 812.13 803.79 819.18 810.43 811.79 811.18
2560 800.95 812.43 811.15 810.00 805.94 806.37 825.48 795.76 812.67 815.99
2624 804.90 811.66 817.91 818.95 821.96 822.81 827.84 838.53 833.63 836.29
2688 837.76 834.80 838.26 832.61 831.74 833.04 837.28 833.84 835.11 829.79
2752 819.14 835.10 827.50 836.49 831.64 814.04 821.03 816.12 819.20 825.69
2816 815.96 837.52 836.22 820.44 817.11 830.02 843.08 843.11 845.12 843.32
2880 808.58 809.17 795.69 816.27 807.70 796.28 812.16 804.65 810.34 823.80
2944 784.88 808.47 803.78 814.19 808.52 811.26 807.39 816.87 804.86 809.86
3008 794.60 813.53 798.82 800.34 807.69 796.87 803.83 801.90 821.50 791.62
