128 3003.14 3002.25 3003.14 3003.14 3003.14 3003.13 3003.14 3003.11 3003.13 3003.15
192 3003.14 3001.33 3003.14 3003.12 3003.14 3003.14 3003.14 3003.14 3003.14 3000.11
256 3003.14 3003.14 3003.14 3003.14 3003.14 3003.15 3000.88 3003.14 3003.13 3003.13
320 3003.14 3003.14 3003.14 3003.14 3001.23 3003.14 3001.74 3003.14 3001.77 3003.14
384 3003.02 3003.14 3001.19 3002.28 3003.14 3003.14 3003.13 3001.58 3003.14 3003.14
448 3000.20 3003.14 3003.16 3003.15 3003.14 3003.16 3003.14 3001.46 3003.15 3000.21
512 2552.12 2541.45 2562.89 2562.08 2558.66 2562.38 2557.45 2549.29 2545.80 2549.60
576 2263.07 2257.92 2260.01 2265.66 2276.25 2274.80 2254.91 2258.84 2271.84 2270.03
640 2057.83 2044.17 2035.25 2032.46 2039.37 2048.93 2034.82 2041.50 2032.89 2038.41
704 1861.61 1849.06 1853.81 1849.22 1849.66 1853.73 1849.61 1853.37 1865.10 1849.41
768 1695.96 1697.47 1689.69 1689.12 1689.11 1697.16 1693.18 1696.98 1709.39 1696.99
832 1584.16 1561.35 1571.80 1566.69 1580.98 1569.68 1567.55 1562.73 1572.48 1569.89
896 1455.27 1453.35 1466.13 1453.15 1457.37 1457.69 1461.07 1470.76 1449.40 1457.83
960 1350.51 1364.83 1367.71 1363.36 1363.85 1360.63 1369.03 1356.70 1368.93 1354.16
1024 1347.85 1284.57 1275.05 1264.65 1268.47 1272.67 1272.78 1276.73 1272.65 1273.22
1088 1189.31 1201.39 1192.58 1205.16 1197.10 1193.69 1192.75 1193.79 1193.60 1196.84
1152 1134.29 1136.78 1128.71 1132.68 1136.79 1124.42 1129.11 1144.59 1140.77 1136.82
1216 1061.04 1079.97 1072.63 1076.57 1076.52 1085.13 1076.79 1072.62 1080.61 1073.86
1280 1017.16 1143.32 1022.32 1032.54 1024.96 1017.20 1016.62 1016.71 1016.54 1032.75
1344 968.99 968.96 972.41 968.72 976.46 968.47 968.96 964.47 976.36 982.89
1408 930.18 927.20 928.56 924.25 932.53 928.46 932.46 930.18 924.30 938.11
1472 895.38 888.71 884.84 888.20 892.24 884.40 888.41 888.16 888.49 888.25
1536 861.92 871.38 872.27 868.86 848.64 868.54 872.91 872.43 868.29 870.01
1600 831.46 918.02 840.10 836.15 836.19 836.64 840.10 836.65 840.47 836.30
1664 823.07 788.47 788.33 796.06 800.06 795.98 796.29 800.40 795.96 796.25
1728 785.09 784.49 784.88 783.96 784.01 783.91 792.34 787.84 784.00 792.03
1792 786.42 784.49 783.79 784.17 784.39 784.15 784.10 784.11 784.22 784.30
1856 781.69 784.57 784.18 784.09 783.88 783.94 783.86 783.79 784.14 783.91
1920 784.01 784.34 784.25 788.31 784.14 783.84 783.98 784.43 784.15 784.14
1984 775.29 784.01 784.23 784.32 784.00 783.98 783.97 787.94 783.95 784.08
2048 777.99 784.87 771.61 784.00 784.23 787.97 784.01 783.91 784.24 783.77
2112 774.85 783.90 784.02 784.00 783.97 783.91 784.22 784.18 783.91 783.90
2176 668.57 701.54 701.57 701.41 701.25 701.51 701.70 701.76 701.43 705.74
2240 777.72 784.14 784.01 783.94 784.18 784.23 783.91 784.24 784.62 784.80
2304 683.22 701.63 705.52 701.37 701.66 701.34 701.54 701.40 701.60 701.24
2368 666.98 702.88 701.84 701.62 701.54 701.64 701.76 702.05 701.35 701.63
2432 779.10 713.65 784.11 784.19 783.84 784.23 783.77 783.86 783.99 783.93
2496 774.85 784.16 784.14 783.99 784.11 783.79 783.89 784.17 784.27 783.95
2560 690.56 702.07 701.59 701.34 701.50 701.25 701.69 701.32 701.59 701.57
2624 774.80 784.12 784.05 784.23 784.04 783.85 784.38 783.98 784.02 783.99
2688 683.86 701.95 702.08 701.76 701.56 701.52 701.48 701.85 701.56 701.44
2752 696.77 702.96 701.56 702.21 701.79 701.33 701.32 703.46 701.31 701.74
2816 775.16 702.01 783.90 783.93 783.93 783.83 783.92 784.35 783.75 783.80
2880 666.96 702.34 701.52 701.97 701.52 701.26 701.56 701.59 701.58 701.72
2944 773.91 783.99 784.46 783.85 783.98 784.18 784.06 783.91 784.13 784.37
3008 685.38 702.16 701.94 701.81 701.73 701.70 701.42 701.77 701.27 701.35
