128 9891.37 10132.59 9965.26 9783.66 9890.94 9823.37 9812.29 9802.92 9916.17 9814.63
192 6513.33 6625.10 6581.87 6602.63 6459.71 6449.92 6547.04 6585.51 6628.83 6544.39
256 4807.36 5083.85 4995.42 4844.11 4975.98 4954.35 5030.65 5136.11 5066.52 5173.67
320 4077.92 4071.84 4068.30 4080.00 4048.60 3982.28 3950.39 3912.06 3993.45 4006.71
384 3271.93 3272.72 3289.51 3280.05 3280.37 3303.00 3275.36 3284.73 3309.58 3254.25
448 2751.15 2788.25 2771.61 2792.20 2821.60 2799.83 2812.40 2826.53 2814.62 2758.09
512 2421.45 2435.03 2417.35 2443.80 2484.51 2460.85 2433.71 2477.10 2475.01 2438.44
576 2193.11 2221.91 2214.73 2220.84 2191.99 2199.12 2154.45 2167.14 2197.85 2166.88
640 1919.60 1922.72 1931.70 1929.64 1950.82 1939.09 1939.29 1925.99 1939.02 1940.32
704 1804.55 1778.44 1783.95 1766.64 1770.47 1759.83 1755.50 1766.30 1770.65 1742.43
768 1564.92 1595.47 1609.10 1637.72 1632.91 1600.36 1602.00 1615.22 1610.09 1622.39
832 1485.05 1503.15 1490.19 1493.55 1520.77 1517.56 1521.74 1501.87 1530.07 1507.62
896 1398.99 1380.80 1422.94 1375.13 1378.17 1368.02 1390.09 1389.37 1391.38 1384.53
960 1296.43 1481.55 1311.78 1324.28 1339.96 1279.01 1276.63 1290.81 1287.21 1288.07
1024 1178.48 1206.71 1223.21 1253.41 1217.57 1211.17 1230.20 1229.71 1190.68 1214.19
1088 1152.43 1174.62 1203.20 1216.49 1208.49 1170.29 1157.11 1172.55 1170.41 1177.60
1152 1115.03 1108.92 1185.37 1129.52 1081.04 1107.25 1085.84 1108.49 1111.04 1097.86
1216 1035.32 1041.96 1053.40 1075.30 1082.99 1051.11 1021.30 1027.37 1017.84 1070.61
1280 976.79 1001.94 1005.88 1034.66 1020.55 972.21 984.20 986.61 1016.42 981.97
1344 945.63 967.70 947.30 929.03 940.18 942.31 942.11 941.51 951.59 955.40
1408 881.96 912.03 912.28 910.70 903.35 916.03 902.07 910.72 920.78 910.87
1472 853.41 905.43 870.88 886.97 887.74 906.55 915.21 901.45 896.37 905.15
1536 855.01 850.49 855.70 897.01 883.66 862.84 857.56 860.65 845.54 863.40
1600 824.68 818.02 824.07 842.17 824.87 816.01 806.60 799.20 821.78 813.82
1664 786.63 800.97 796.35 801.23 816.72 798.07 830.53 796.73 787.75 807.35
1728 780.75 802.17 810.87 820.90 807.78 813.91 836.44 815.11 808.25 815.28
1792 812.57 810.28 800.82 798.51 810.40 806.65 824.13 818.48 818.57 819.25
1856 811.46 834.19 830.79 831.71 831.56 823.87 829.35 825.10 830.04 834.92
1920 838.47 834.37 842.71 836.36 836.54 827.66 833.72 837.07 836.75 832.39
1984 827.76 842.18 846.33 843.24 844.55 826.46 835.36 838.30 814.46 813.57
2048 806.99 810.82 825.38 836.14 807.53 802.88 807.80 803.65 804.04 825.78
2112 800.29 805.39 807.24 795.92 826.56 790.23 803.04 825.04 796.14 814.84
2176 816.32 805.10 819.60 828.06 803.01 829.43 832.04 832.57 833.28 838.26
2240 832.70 829.84 830.22 842.61 845.13 842.24 842.53 849.99 837.21 830.82
2304 830.62 834.83 829.88 830.64 844.79 854.77 839.83 841.12 842.58 833.95
2368 817.70 822.68 841.53 841.03 840.77 833.37 834.19 841.48 841.72 841.58
2432 831.92 845.61 843.06 842.30 842.31 842.81 841.69 842.56 843.31 826.35
2496 828.00 830.81 835.61 838.31 823.57 823.26 833.93 822.87 828.42 836.45
2560 834.19 841.25 908.11 837.59 838.53 838.19 840.44 839.30 839.94 840.58
2624 803.81 834.65 834.45 834.33 835.31 844.16 834.91 834.82 834.28 834.13
2688 797.04 818.43 818.77 834.34 829.10 839.59 841.87 842.56 830.31 833.71
2752 812.51 851.39 834.52 835.01 834.73 835.16 834.39 834.24 834.34 834.39
2816 803.58 834.55 838.05 834.37 834.30 834.41 834.42 834.59 834.18 834.40
2880 810.79 809.69 821.44 824.55 810.37 823.22 817.93 832.62 828.80 819.66
2944 825.15 834.94 835.80 835.04 834.79 834.72 834.51 834.98 836.53 834.14
3008 831.63 809.90 825.76 841.32 835.40 836.04 842.87 839.71 832.01 833.52
