128 9327.88 9366.93 9379.48 9439.90 9291.58 9449.68 9491.92 9492.66 9397.48 9288.54
192 6249.22 6254.96 6196.02 6312.98 6236.98 6277.74 6158.35 6234.07 6238.78 6276.80
256 4677.15 4741.72 4699.14 4737.29 4716.37 4670.33 4713.05 4739.96 4764.05 4645.33
320 3777.74 3783.71 3858.06 3719.26 3791.84 3706.90 3738.23 3805.03 3721.38 3774.87
384 3211.32 3163.15 3172.58 3066.56 3067.25 3174.87 3107.99 3103.04 3159.66 3072.19
448 2621.30 2643.23 2724.41 2658.56 2630.99 2743.52 2646.32 2725.73 2637.98 2622.52
512 2413.16 2352.52 2313.68 2323.56 2298.64 2294.76 2303.65 2306.24 2269.18 2343.02
576 2298.22 2259.04 2279.17 2263.17 2271.09 2263.11 2275.14 2255.62 2279.19 2263.35
640 2046.14 2062.03 2043.57 2031.91 2031.34 2047.17 2031.26 2047.03 2049.73 2047.78
704 1849.95 1860.09 1859.36 1851.29 1859.29 1847.31 1859.28 1851.92 1871.22 1863.11
768 1682.91 1692.18 1697.91 1697.52 1697.55 1688.94 1692.44 1709.45 1690.63 1701.74
832 1587.10 1570.85 1562.76 1566.81 1562.67 1570.72 1571.64 1566.93 1558.53 1566.83
896 1462.53 1459.13 1450.95 1473.17 1458.69 1463.00 1454.66 1454.76 1458.75 1458.80
960 1361.27 1368.79 1362.94 1354.63 1358.90 1366.14 1354.94 1355.25 1358.80 1362.71
1024 1266.45 1270.68 1274.49 1284.80 1276.75 1282.75 1282.65 1274.58 1278.43 1266.49
1088 1189.42 1202.65 1194.46 1198.81 1198.61 1198.65 1202.70 1210.56 1198.49 1202.41
1152 1130.02 1134.46 1134.97 1138.07 1130.59 1138.66 1144.03 1131.00 1130.78 1134.69
1216 1076.90 1078.46 1074.61 1074.44 1078.72 1074.22 1074.52 1070.47 1074.52 1074.96
1280 1017.68 1026.63 1018.83 1018.52 1018.45 1022.53 1023.24 1022.52 1030.51 1030.41
1344 957.84 974.52 970.52 966.23 982.14 970.17 986.40 970.10 966.32 966.37
1408 925.31 938.79 930.38 926.33 934.25 922.94 926.62 930.17 930.40 931.04
1472 889.58 890.40 910.73 894.13 890.01 886.08 885.91 890.43 890.05 885.97
1536 844.31 870.41 864.16 874.19 878.64 874.04 870.21 866.28 877.23 870.61
1600 812.20 855.43 837.71 838.21 847.05 838.93 842.43 843.22 847.73 838.05
1664 788.36 790.14 798.04 797.97 797.99 794.04 802.42 798.29 790.41 797.96
1728 785.33 786.31 786.01 785.84 785.71 785.81 785.86 785.88 786.08 785.73
1792 777.16 785.99 794.83 785.99 793.80 785.89 785.77 785.95 785.66 785.98
1856 781.07 786.03 785.88 785.88 785.86 788.95 786.15 789.91 786.10 785.90
1920 777.67 786.08 794.01 786.10 786.10 785.87 785.76 785.93 785.78 785.77
1984 776.25 786.13 786.36 787.19 785.78 785.77 785.94 785.96 785.62 790.14
2048 777.75 790.06 785.74 785.98 785.79 786.02 785.64 785.72 785.73 786.12
2112 771.80 777.15 786.20 785.84 785.74 786.27 806.57 786.39 786.14 786.13
2176 776.70 786.17 766.00 785.70 785.80 789.92 785.77 785.87 789.97 786.28
2240 784.82 785.75 785.88 785.80 786.06 785.63 785.69 786.05 785.95 785.75
2304 668.56 702.02 701.49 701.80 701.70 701.62 701.62 701.68 701.60 701.84
2368 776.37 785.94 786.00 785.95 785.82 785.86 788.33 786.09 786.06 786.03
2432 681.87 701.94 701.53 701.47 701.51 701.68 702.12 701.94 701.18 701.42
2496 684.59 701.65 701.61 701.63 702.48 701.62 701.53 701.45 705.92 701.41
2560 776.84 786.15 786.23 785.96 786.09 785.88 785.97 786.08 785.69 785.75
2624 777.62 787.37 786.21 785.79 785.79 785.99 785.89 786.04 785.92 785.82
2688 683.80 701.99 701.44 701.71 701.20 701.11 701.16 701.39 701.46 701.79
2752 696.20 701.74 701.65 701.41 701.07 701.87 701.47 701.53 701.70 701.43
2816 776.64 785.81 785.85 786.05 785.81 785.95 785.75 786.31 786.31 785.66
2880 764.59 776.75 786.02 785.97 785.89 785.66 786.01 785.85 785.87 790.11
2944 776.56 785.86 785.83 785.77 785.76 785.72 788.47 786.06 785.92 785.89
3008 696.19 786.42 701.67 701.52 701.19 701.19 701.48 701.83 701.66 701.49
128 3000.49 3003.14 3003.14 3001.85 3003.14 3003.14 3003.14 3001.98 3003.14 3002.57
192 3003.15 3000.65 3003.14 3003.14 3003.14 3000.64 3003.13 3000.98 3003.14 3003.14
256 3003.14 3003.14 3003.14 3003.15 3000.63 3003.14 3003.14 3003.14 3003.12 3003.14
320 3003.12 3001.55 3003.14 3003.14 3003.16 3003.14 3003.13 3003.14 3002.35 3003.14
384 3002.62 3001.28 3000.89 3003.14 3003.13 3003.12 3003.13 3002.00 3003.14 3003.14
448 3003.14 3003.14 3003.15 3003.16 3003.15 3003.14 3003.16 3003.14 3001.17 3003.14
512 2532.67 2541.55 2550.55 2553.65 2570.27 2558.02 2549.42 2553.53 2533.75 2561.60
576 2247.08 2268.28 2266.84 2263.84 2266.82 2256.01 2263.62 2251.72 2284.21 2285.21
640 2415.11 2042.86 2033.47 2045.20 2032.95 2039.13 2038.44 2033.20 2033.98 2046.84
704 1845.97 1855.86 1861.76 1853.10 1853.27 1853.39 1865.28 1870.01 1865.59 1855.28
768 1704.45 1701.63 1697.66 1698.59 1701.44 1713.48 1706.34 1695.15 1693.80 1705.17
832 1550.80 1560.94 1561.50 1573.03 1577.01 1561.15 1568.77 1565.20 1560.74 1557.20
896 1451.10 1469.47 1453.15 1448.86 1449.14 1457.04 1448.97 1481.16 1448.85 1452.86
960 1342.27 1352.61 1356.08 1358.26 1364.58 1357.04 1369.74 1361.84 1362.17 1353.61
1024 1260.30 1281.34 1273.00 1272.53 1280.80 1280.70 1272.43 1290.13 1264.62 1276.82
1088 1196.23 1197.15 1200.58 1200.96 1208.84 1196.75 1197.19 1192.76 1200.48 1200.59
1152 1127.80 1137.06 1129.01 1132.91 1132.81 1134.46 1129.62 1125.27 1128.83 1132.59
1216 1072.75 1072.80 1072.59 1072.81 1072.48 1084.87 1072.56 1080.03 1064.58 1073.46
1280 1072.97 1018.93 1076.89 1016.53 1016.63 1016.78 1016.57 1016.47 1016.45 1020.56
1344 969.94 972.82 968.63 976.57 968.30 980.59 976.57 972.63 968.34 974.07
1408 927.55 930.71 936.38 932.41 932.50 932.36 928.66 932.71 932.52 929.70
1472 874.85 888.45 912.79 884.24 892.09 888.45 892.45 888.32 892.50 888.23
1536 860.16 868.35 876.20 868.26 868.32 864.02 876.50 868.20 867.98 868.28
1600 825.48 834.02 836.53 842.48 836.40 832.59 836.37 836.34 836.44 836.45
1664 786.43 796.18 796.06 800.23 787.98 800.05 795.91 800.21 800.19 801.25
1728 773.59 784.10 784.40 783.77 788.10 784.09 784.27 784.07 783.80 783.97
1792 785.44 784.33 784.44 783.96 784.30 783.81 788.02 788.18 783.95 783.92
1856 773.71 784.17 788.06 783.89 784.02 786.76 784.18 784.15 784.00 788.02
1920 785.47 784.25 785.62 788.02 784.19 783.95 784.00 783.88 783.86 788.23
1984 774.82 784.47 784.12 784.08 783.82 784.21 784.06 784.23 783.95 784.07
2048 778.41 783.97 784.51 783.83 787.90 783.79 783.99 784.01 783.86 783.98
2112 779.00 784.92 783.96 783.91 784.08 788.72 784.16 784.30 784.17 784.08
2176 773.71 784.48 784.04 784.28 784.04 783.93 783.98 783.99 784.16 784.08
2240 774.05 788.25 784.11 783.91 783.80 784.21 783.85 783.97 784.19 783.94
2304 781.85 784.19 784.37 783.92 784.82 784.08 783.93 784.15 788.08 783.81
2368 787.05 784.30 784.59 784.00 784.20 784.07 793.32 784.08 783.95 784.36
2432 775.07 784.00 784.04 783.95 784.58 784.08 783.91 784.08 783.95 783.96
2496 773.59 783.81 784.34 783.78 785.38 783.94 783.78 783.80 783.78 783.69
2560 774.09 785.08 784.16 784.14 783.83 784.13 783.82 783.95 783.90 783.97
2624 775.32 784.75 784.13 784.11 784.38 786.94 783.93 784.18 784.25 784.25
2688 773.46 784.09 784.38 784.00 783.90 783.71 783.96 783.89 783.89 783.85
2752 779.20 784.31 784.29 783.83 783.94 784.00 784.19 784.19 783.80 783.94
2816 789.75 784.45 784.02 788.11 784.10 783.96 783.82 783.92 784.92 784.14
2880 781.53 784.22 784.16 784.43 784.16 786.73 784.49 784.29 784.49 784.26
2944 774.46 784.22 783.87 783.85 783.91 783.89 783.96 783.90 784.27 783.99
3008 781.35 783.97 784.19 783.98 784.23 783.82 783.89 784.13 783.90 783.89
