128 10060.28 10255.35 10248.58 10229.62 10200.11 10239.60 10244.03 10258.38 10199.63 10249.56
192 6665.01 6804.36 6791.23 6793.91 6825.70 6819.57 6823.11 6810.37 6807.06 6792.62
256 4982.99 5071.07 5081.29 5108.91 5119.79 5068.66 5095.17 5090.92 5075.33 5094.50
320 3842.89 4027.04 4040.84 4038.50 4044.10 4031.45 4042.99 4033.68 4059.48 4059.26
384 3257.16 3375.91 3381.60 3397.45 3393.03 3372.32 3388.31 3396.12 3393.92 3382.12
448 2831.32 2887.10 2897.76 2897.79 2887.62 2891.93 2904.84 2893.01 2904.79 2890.02
512 2495.06 2519.75 2536.81 2548.11 2546.22 2523.51 2541.19 2530.26 2533.53 2538.70
576 2223.03 2261.88 2267.49 2250.64 2262.78 2261.51 2267.01 2257.50 2248.34 2250.50
640 2000.81 2030.11 2029.00 2016.80 2025.05 2013.95 2013.08 2029.38 2034.13 2028.23
704 1806.44 1837.23 1837.05 1840.48 1833.55 1850.92 1832.56 1834.81 1844.30 1837.28
768 1651.61 1701.07 1692.72 1687.35 1679.33 1690.61 1685.30 1677.63 1687.68 1688.40
832 1513.49 1551.49 1567.11 1559.96 1552.02 1555.71 1555.47 1563.35 1548.71 1563.83
896 1409.02 1439.74 1444.40 1461.79 1447.66 1447.96 1447.24 1447.17 1441.11 1448.14
960 1324.22 1342.80 1351.15 1343.06 1348.57 1343.01 1342.79 1343.55 1351.33 1339.29
1024 1233.41 1262.86 1262.74 1282.96 1284.64 1262.80 1271.64 1263.04 1266.33 1271.46
1088 1170.35 1183.12 1190.71 1195.00 1190.72 1194.10 1190.52 1190.69 1202.97 1190.53
1152 1078.95 1127.99 1122.53 1127.35 1124.22 1122.87 1122.27 1127.60 1134.99 1127.52
1216 1028.61 1067.60 1062.66 1067.53 1067.51 1067.65 1066.09 1066.53 1070.89 1084.60
1280 986.78 1010.40 1009.98 1019.18 1010.74 1015.44 1014.22 1023.68 1031.41 1019.31
1344 929.85 970.70 966.95 965.78 966.64 962.09 974.34 970.03 965.94 965.96
1408 896.74 927.87 925.73 921.60 922.57 925.59 926.17 922.06 926.37 926.08
1472 898.40 918.79 926.68 922.85 926.29 926.20 917.99 926.19 918.26 922.43
1536 859.02 877.66 877.89 865.13 873.41 873.38 877.42 877.30 873.62 877.43
1600 823.06 833.26 837.26 833.47 832.81 833.01 833.18 833.13 832.96 832.85
1664 828.50 833.56 832.97 837.48 833.00 834.23 833.22 833.51 841.40 833.30
1728 820.02 833.53 833.38 833.34 837.39 833.19 832.97 833.17 837.24 832.85
1792 819.40 833.42 833.01 833.40 833.55 832.82 832.96 833.17 832.87 833.19
1856 810.02 833.18 833.47 833.65 833.30 837.12 833.28 833.06 832.87 832.99
1920 794.79 837.39 833.00 832.74 832.87 833.10 833.61 833.34 832.94 832.84
1984 811.08 833.35 833.61 833.15 833.12 833.10 833.06 841.27 832.84 833.10
2048 811.34 837.27 837.46 837.07 832.81 832.73 833.00 837.19 836.83 832.83
2112 795.29 833.81 832.89 833.47 832.90 833.57 833.09 833.18 832.94 833.06
2176 795.95 833.24 832.99 832.97 833.27 833.07 832.95 832.79 833.25 833.18
2240 813.90 833.33 832.83 841.12 832.87 833.11 832.96 833.74 832.99 833.23
2304 813.41 831.15 833.27 832.81 832.90 832.71 832.91 833.48 832.99 833.30
2368 819.01 834.31 837.47 833.41 833.49 833.76 834.22 833.71 833.88 834.13
2432 776.43 786.07 785.97 785.63 785.57 785.55 785.56 785.71 785.57 785.50
2496 788.74 786.73 785.92 785.64 785.68 789.67 785.50 791.11 785.95 785.64
2560 815.63 833.97 834.55 833.48 834.04 833.91 834.43 833.86 834.42 834.11
2624 815.75 833.11 832.90 837.11 832.94 833.08 833.47 833.43 833.27 833.90
2688 776.38 785.60 785.91 785.82 785.69 785.68 785.72 785.69 785.75 785.68
2752 902.19 819.12 833.36 837.56 837.60 833.61 832.92 832.96 833.08 833.58
2816 776.49 785.64 785.89 786.29 785.78 785.65 786.22 786.04 786.10 785.95
2880 793.44 834.39 833.81 834.39 834.68 833.74 833.58 840.76 834.53 833.26
2944 777.06 786.49 786.11 785.60 785.59 785.63 786.27 786.03 785.64 785.52
3008 777.02 787.44 786.16 785.62 785.79 789.19 786.13 785.74 785.94 785.78
